0 0 0
126 42 36
0 0 0
0 0 1
30
0.2

2
1 1 1
500
-200 200 200
1 1 1
600
800 0 0

6

IMPLICIT_SHAPE
1 0 0
0.25
0.25
1.1
2
1 1 1 1 0 0 0 20 120 -20 3175

IMPLICIT_SHAPE
0 0 1
0.25
0.25
1.1
2
1 1 1 1 0 0 0 -40 -120 -0 3900

IMPLICIT_SHAPE
1 1 0
0.25
0.25
1.1
2
1 1 1 1 0 0 0 -0 -0 140 4500

SURFACE_SHAPE
0 1 1
0.6
0.1
1.5
4
8
-950 -350 -350
-950 150 -350
-450 -350 -350
-450 150 -350
-950 -350 150
-950 150 150
-450 -350 150
-450 150 150
12
1 3 2
3 4 2
5 6 8
8 7 5
1 5 3
5 7 3
4 6 2
4 8 6
2 6 1
5 1 6
4 3 8
3 7 8

SURFACE_SHAPE
0.5 0.5 0.5
0
0.6
1.5
2
8
-15 -15 -15
-15 15 -15
15 -15 -15
15 15 -15
-15 -15 15
-15 15 15
15 -15 15
15 15 15
12
1 3 2
3 4 2
5 6 8
8 7 5
1 5 3
5 7 3
4 6 2
4 8 6
2 6 1
5 1 6
4 3 8
3 7 8

IMPLICIT_SHAPE
1 0 0
0.25
0.25
1.1
2
1 1 1 1 0 0 0 120 -0 -0 2975

